500
Ranked: 0  - 499 (value)

max_num: 499
max_bits: 0

8: 0000 1000
8 >> 1

0000 1001 >> 1 = 0000 0100

0 - 255
128	64	32	16	8	4	2	1
------------------------------
1	1	1	1	1	1	1	1 = 128+64+32+16+8+4+2+1	=	255


2048	1024	512	256	128	64	32	16	8	4	2	1
------------------------------------------------------
0		0		0	1	1	1	1	1	0	0	1	1	=	499 >> 1
0		0		0	0	1	1	1	1	1	0	0	1	=	249 >> 1 (499 >> 2)
0		0		0	0	0	1	1	1	1	1	0	0	=	124 >> 1
0		0		0	0	0	0	1	1	1	1	1	0	=   62 >> 1
0		0		0	0	0	0	0	1	1	1	1	1	= 	31 >> 1
0		0		0	0	0	0	0	0	1	1	1	1	=	15 >> 1
0		0		0	0	0	0	0	0	0	1	1	1	=	7 >> 1
0		0		0	0	0	0	0	0	0	0	1	1	=	3
0		0		0	0	0	0	0	0	0	0	0	1	=	1	(9bits)
0		0		0	0	0	0	0	0	0	0	0	0 	= 0

64
32
16
 8
 4
124


0000 1000 >> 0
0000 0001 & 1
