
-3736 4560 -2 8487 -8263 -9300 5773 -9918 5361 -179 -4412 -1060 -3998 -9911 -4194 -2991 328 -9555 7537 6663 3727 4905 5352 -3519 -3807 -4864 4267 -4123 -8776 4301 -4503 -1074 8573 -6922 -183 -7153 -8736 -4878 5423 -819 9219 -966 -1748 -9668 7099 273 -658 2294 -8279 -9486 6532 2398 -798 222 -3636 -7112 565 -5310 1799 -6558 2174 1482 -5224 2140 -7534 -5399 -3941 -9644 8389 2691 -2451 1292 -8292 -6592 -1325 -9417 -8395 2127 -943 -6803 -9480 -7585 7755 557 -3108 -9928 697 -1923 -5479 -3943 621 -9960 -7789 -2501 7716 1975 -3393 -1666 -2994 2797
807 -8695 1256 -4760 5126 8775 9890 -2067 -6508 9354 -1228 7165 -2521 -6890 8883 -769 -6923 -7281 8481 175 2894 5541 -7575 -4043 5507 -8736 -4154 -6498 -6867 8438 680 -5221 -3132 5571 3980 1181 2755 -5813 -8806 -7055 9009 5462 770 7680 -5514 -2172 -9510 2717 1891 -3242 -8917 -139 -5250 -7174 -7608 -2342 -8342 -6695 -2162 -3448 1916 -4477 -9640 9312 -4133 -4458 -1662 -9824 860 -48 -1309 4869 3356 5402 -4533 -800 -2503 -5904 -8875 6713 -1479 -8847 -4811 -124 1750 -7954 -7839 -7032 1293 -4186 -5346 8364 -8248 -5172 7464 -7746 6628 -4070 872 6411
-7417 -1949 2513 -5240 -1486 -5917 -5994 -6983 1625 -1114 1956 -4611 -1045 3366 1958 -5781 -1407 7760 9425 921 2062 6177 -501 -4567 -5181 7392 193 -8873 2276 -7426 -6904 -9369 -7602 -1937 8142 9515 -5755 486 -3033 6710 8799 -8110 -9479 5027 1873 2618 -5596 -9627 -706 -4233 8403 -9909 -9701 -7335 1188 2429 2752 -8081 1110 -339 -5576 -3202 -1290 -3517 6502 618 -2771 -6669 4448 7068 1212 -4997 -2605 -508 7817 -3845 6066 -9572 227 6521 9893 2625 -804 -6159 -5981 -9141 -4907 -4702 8338 1453 -6079 -8707 -7842 7213 -4700 -3351 -6474 4737 -9976 -5227
-2874 -7970 -8997 1514 -864 -7843 -1877 867 -3010 1184 -7627 -3621 432 -6380 2268 -3559 -8659 -9967 -9631 -5567 1229 6813 -6193 -5091 -3102 3520 -8228 1519 -8582 -3290 -1721 -749 694 -9445 -7697 -2153 -1499 -449 2739 475 8589 -8916 -6961 2374 -3506 173 -1681 -9204 9465 2011 -7046 322 -1386 5270 9983 7200 1079 -9466 -2851 -9996 -5834 -9161 -5706 -9112 -2863 -2577 -9869 -2951 -1431 1710 -4556 4789 -6116 -3379 -3716 -3567 2046 -1965 2497 976 -5480 8631 -2707 -1485 -1301 -4007 2325 9985 2071 861 -4514 -7755 -9166 2255 6961 -1654 -564 -8879 8603 -6361
1669 -1224 -7739 1034 -7477 -2534 2241 8718 5123 -9284 -4443 4604 1908 -3358 -4657 -8570 4091 5075 -8687 -4821 396 7449 881 -5615 6211 -352 3353 -855 -6673 847 3462 -4896 8991 -4186 -3534 -6586 9992 5850 -4256 -5761 8379 -2488 -279 3881 4962 2234 -8781 -366 1021 -9727 -2214 -5838 -2125 -1222 -8030 -7828 9150 422 -6886 6675 -7886 9878 -1939 538 -1636 -7589 4103 -8960 6205 -3413 1132 5532 8615 310 -7718 704 -9996 -5435 -5509 2520 7369 4728 -2166 3556 -2034 -6211 -7891 8843 619 9519 -2198 -9625 -416 6709 1392 9458 1484 -7532 -2747 -8273
6212 5522 -6482 7788 -6855 -4460 -6409 -3432 -6745 249 -1259 -7172 3385 6897 -4347 -6348 -3160 115 -7743 8692 -437 8084 7955 -6139 -4476 -4224 -5068 -3230 2470 -7784 8645 -9043 -2714 8308 628 1747 1482 -7853 1516 770 8169 -3293 -1925 -2932 -8733 2518 6148 -8357 -2963 7264 -5175 8017 9712 -2287 -5194 -3260 -9501 7764 -3539 -3777 -817 6155 5462 5233 -8828 -695 -5310 -8845 3512 -9300 4963 4709 -2822 607 -2899 899 6596 -5260 -6132 -4761 -2246 6108 -7838 -2847 8414 -60 -7513 7001 -4386 -6858 3552 -3874 2682 -3086 6458 4438 -522 -920 -3666 867
-9246 -7733 -5225 -5459 6534 848 -2292 -8349 1387 2547 1925 -6181 4861 -2848 8729 8641 2355 2389 -6799 2204 -1270 8720 -4972 -6663 -2397 -8097 -722 -5605 -8388 -3647 -6173 6811 -7185 800 -7977 -9920 -7029 -8788 7288 -5466 7959 3135 593 -5585 -1345 7307 -9938 -7934 7207 -6493 -7856 -1754 5260 -9683 3601 1511 1592 6379 -267 -667 -1074 196 1045 -7596 1807 245 -3030 -9025 -4017 7963 -6661 1052 -3941 -166 1127 9516 -7513 6710 5937 8755 5754 4846 -403 -3528 -6729 1914 3952 1892 2386 -7101 -2416 1684 2223 -5756 6206 7483 2265 -3324 199 -8285
-4703 -987 -3967 -5939 -78 -1077 1825 -498 -3247 -7921 5109 2044 6338 173 1805 -9138 -4896 -2571 -5854 2950 -2103 9356 2102 -7186 6916 798 -9142 -7980 -6480 490 -990 2663 1112 -6708 -3814 -1587 -2772 -2489 -6940 8299 7749 2330 3111 -8238 -6725 -7904 -6023 -7511 -2624 -7484 -3304 -4290 808 -9844 -7604 -6485 -7315 4994 -4228 2443 -8566 1471 -3372 -424 -7559 1186 -750 -1971 1221 -7542 -5518 4629 7707 -8173 -2082 -1868 -8855 -1321 -1995 2270 -6247 3585 -5735 -4208 -1871 3887 -4584 4016 -3609 5423 -8383 7 1764 -8427 5954 -9472 -7714 -5728 -8702 -4671
-160 -7008 -2710 815 544 4231 5943 7353 4885 1612 8293 -9732 7814 -9573 2115 5851 7853 -296 -4910 -3538 -2935 9992 -3591 -7710 -3772 -3074 2438 9646 2663 4626 -8574 -1484 9408 -1449 348 -6020 8719 -3424 -1168 2063 7539 8758 5629 1877 663 9652 -2108 -7088 -5220 -1240 -5985 5941 -3644 2761 1191 -1714 -8988 3609 -955 5552 -8824 -4488 -7788 -6019 -4158 2127 1530 -2152 -6308 9720 2859 972 -646 -8947 1944 -6018 -2963 -9352 -2692 3018 1753 2323 1701 -4889 -9780 5861 -5886 -1093 3163 -2054 -1584 5565 1305 8904 5703 -6426 2307 -8133 -4836 -1057
-8384 -262 -1452 335 -6069 2306 -9941 -4797 -6983 -8857 -8524 -8741 9291 683 -4810 839 602 -5256 -3966 -2792 -3768 -9373 3484 -8234 -1693 -6946 -5982 7272 -8195 8763 -3391 -5631 -2297 -8957 4510 2314 208 2875 -8163 -4173 7329 -4815 8147 -776 8050 -5559 1806 -6665 4950 -2230 -1433 -3829 -8095 -4634 -2780 3057 2106 2223 -4917 8662 3685 -3213 562 1153 6477 3067 3809 4902 6164 -5785 -8766 4549 -1765 3047 -1265 2599 -4305 -4616 9377 -3467 -3014 1062 9136 -5570 -4922 7834 5580 1032 9935 -7551 -8878 846 6234 5451 -3380 -7672 9464 -971 2558 4112
